-2.318104583108601124e-01 2.747887971521582595e-01 -4.821242374949742393e-01 9.439226906837504538e-01 -1.927739832352834415e-01 -4.167918332852156849e-01 -5.363539651410232922e-01 -2.531940401390380679e-01 -2.057763735243869629e-01 -5.833559177989487976e-01
-2.291421562551091140e-01 -4.040717586879337131e-01 6.899692777734712790e-01 -5.880043251923140479e-01 4.877212312398895161e-02 4.535247444067452838e-01 -1.118505854802913091e-01 1.630707819044659446e-01 3.173625043176835359e-01 -7.157393043348543316e-01
-4.039220789351948282e-01 6.536100004360522187e-01 -6.312940528760103975e-02 -1.752214025126137553e-01 1.531396949043823119e-01 4.680428482679762636e-01 -5.382839249874532550e-01 -1.881542628236738124e-01 -4.180762380152385216e-01 -2.886971355966620467e-01
-2.251783513952263505e-01 -1.446759208514949470e-02 -1.966268291358414799e-01 -1.996542401333589809e-04 7.144575344021913965e-01 1.114765211118489974e-01 1.997634292113091570e-01 1.110806377951855523e-01 1.987863047119507037e-02 -2.817442655199310364e-01
-3.606820048426115366e-01 2.732388326158513014e-01 -3.319112141187004483e-01 -5.384325196152065507e-01 -1.809619810617378866e-01 -6.939251019851535585e-01 2.261863295354957573e-02 4.237253790507081175e-01 5.615825165742761582e-01 5.808353120171474426e-01
1.182492157738414679e-01 1.560975422900970910e-01 5.137458637013911367e-04 3.568417640266546287e-01 1.676452324739787642e-02 -5.519962379856870882e-01 3.742740329975868807e-01 2.541740396160169779e-01 5.953560099892835772e-02 -3.706299282469607825e-01
-5.926196884342059823e-01 9.033969441282175827e-01 -1.134428256204066121e-01 -2.661317765025961735e-01 -4.337740921575232722e-01 -5.653952902373142742e-01 -3.510980066563050284e-01 -1.812179176612513098e-01 4.029557671806976993e-01 -4.211893042403128673e-01
-2.079197153410538845e-01 -8.145051758130011921e-01 -2.149421921866032648e-01 2.002760793679853324e-01 -1.862078088713992607e-01 4.518710830611700757e-01 -1.965318849085114783e-01 -1.499314344305135160e-01 -1.115739428074562500e-01 7.111835360294476160e-01
4.585139457420377984e-01 3.052880835403689042e-01 -1.200144733094078708e-01 -1.266041458671799402e-01 -1.255558234206333168e-01 -6.238266054178493586e-02 1.998374199203820645e-01 -1.038909437107095046e-01 -1.297596597572150956e-01 -3.856704572941589415e-01
-3.524247107248079103e-01 -5.289934425867878071e-02 -3.166053420782435346e-01 -6.609046533337398048e-03 -2.212970687217536980e-01 -1.797739272462755070e-02 2.256599766252844474e-01 1.887686464232654071e-01 -1.165066744808561511e-01 6.517274709505063157e-01
